15	7	E	-1.3751268719964702E7	200
probinit	1	0.2033270930616832
probinit	2	0.2615578733590749
probinit	3	0.026519341682506244
probinit	4	0.0
probinit	5	1.3081215333915649E-278
probinit	6	0.0
probinit	7	0.0
probinit	8	0.004202772964487468
probinit	9	0.0075988855260118605
probinit	10	6.859235420869191E-93
probinit	11	3.712967872604112E-279
probinit	12	3.6947824807962922E-31
probinit	13	0.49679403340623635
probinit	14	0.0
probinit	15	1.1521124178554317E-111
transitionprobs	1	1	0.5977775519053892
transitionprobs	1	2	2.6390086764334744E-5
transitionprobs	1	3	0.014428360219224966
transitionprobs	1	4	0.0017187314327414935
transitionprobs	1	5	0.03486847015560047
transitionprobs	1	6	9.567620639161239E-4
transitionprobs	1	7	1.9670091899042422E-4
transitionprobs	1	8	0.0011476080460744624
transitionprobs	1	9	0.006302166134650835
transitionprobs	1	10	0.007766845423328453
transitionprobs	1	11	0.004463956866989863
transitionprobs	1	12	0.3168950595986872
transitionprobs	1	13	6.598952703867309E-8
transitionprobs	1	14	0.0027688432131677963
transitionprobs	1	15	0.010682487944947491
transitionprobs	2	1	2.287131183942924E-5
transitionprobs	2	2	0.6288724287663812
transitionprobs	2	3	0.0
transitionprobs	2	4	0.0
transitionprobs	2	5	5.741018445731457E-6
transitionprobs	2	6	1.6129688868217393E-6
transitionprobs	2	7	0.0
transitionprobs	2	8	1.2751678375061122E-4
transitionprobs	2	9	1.2436049202160705E-5
transitionprobs	2	10	0.002339068795650807
transitionprobs	2	11	0.0
transitionprobs	2	12	0.003342632014402171
transitionprobs	2	13	0.3371070194529597
transitionprobs	2	14	0.0
transitionprobs	2	15	0.028168672838481523
transitionprobs	3	1	0.023927266894077717
transitionprobs	3	2	0.0
transitionprobs	3	3	0.9271228324196275
transitionprobs	3	4	0.018726454026555605
transitionprobs	3	5	0.0
transitionprobs	3	6	2.1677891310403826E-5
transitionprobs	3	7	0.0
transitionprobs	3	8	9.564632667994853E-4
transitionprobs	3	9	0.004355592689223311
transitionprobs	3	10	0.0
transitionprobs	3	11	3.208536997656959E-4
transitionprobs	3	12	0.02440684326278551
transitionprobs	3	13	1.6201584985493897E-4
transitionprobs	3	14	0.0
transitionprobs	3	15	0.0
transitionprobs	4	1	0.008812254113032075
transitionprobs	4	2	0.0
transitionprobs	4	3	0.0553965804375434
transitionprobs	4	4	0.9020504978851248
transitionprobs	4	5	0.025582248873449377
transitionprobs	4	6	0.0028799310802831604
transitionprobs	4	7	9.628035838014079E-4
transitionprobs	4	8	9.172412205799977E-4
transitionprobs	4	9	3.7831727388900856E-4
transitionprobs	4	10	0.0
transitionprobs	4	11	0.002533963645829309
transitionprobs	4	12	4.861618864676673E-4
transitionprobs	4	13	0.0
transitionprobs	4	14	0.0
transitionprobs	4	15	0.0
transitionprobs	5	1	0.03490686305894378
transitionprobs	5	2	1.936665787059426E-5
transitionprobs	5	3	0.0
transitionprobs	5	4	0.005361934781069562
transitionprobs	5	5	0.7976116696125438
transitionprobs	5	6	0.005946948025856705
transitionprobs	5	7	2.891906518557397E-4
transitionprobs	5	8	6.875529823273214E-5
transitionprobs	5	9	0.0
transitionprobs	5	10	0.0027125970816865063
transitionprobs	5	11	0.007392867838773919
transitionprobs	5	12	0.10468889986861242
transitionprobs	5	13	0.022968314576974545
transitionprobs	5	14	0.005502287926779354
transitionprobs	5	15	0.01253030462080016
transitionprobs	6	1	0.01344242287316583
transitionprobs	6	2	0.0
transitionprobs	6	3	2.1568515290216849E-4
transitionprobs	6	4	0.008302018479555586
transitionprobs	6	5	0.08454028565996533
transitionprobs	6	6	0.7213316675512216
transitionprobs	6	7	0.10489777437694785
transitionprobs	6	8	0.014948724457182778
transitionprobs	6	9	0.0
transitionprobs	6	10	0.019922819932718647
transitionprobs	6	11	0.00353681981254716
transitionprobs	6	12	0.008062511979115686
transitionprobs	6	13	0.003005925771155628
transitionprobs	6	14	0.01239329450615214
transitionprobs	6	15	0.005400049447369671
transitionprobs	7	1	0.0018789099788996293
transitionprobs	7	2	0.0
transitionprobs	7	3	0.0
transitionprobs	7	4	0.002259220861256053
transitionprobs	7	5	0.0025096648409097862
transitionprobs	7	6	0.07732314481795194
transitionprobs	7	7	0.8070416551116967
transitionprobs	7	8	0.08374299197402982
transitionprobs	7	9	0.002587825068515937
transitionprobs	7	10	0.001014157195560549
transitionprobs	7	11	0.02127997598811088
transitionprobs	7	12	3.0468218171993746E-4
transitionprobs	7	13	5.777198134881059E-5
transitionprobs	7	14	0.0
transitionprobs	7	15	0.0
transitionprobs	8	1	0.026508139423204475
transitionprobs	8	2	0.0036624237009549427
transitionprobs	8	3	0.01697211405750135
transitionprobs	8	4	0.005122405443300909
transitionprobs	8	5	0.002251984020546484
transitionprobs	8	6	0.025881365911148906
transitionprobs	8	7	0.1832313657272331
transitionprobs	8	8	0.5936395985447134
transitionprobs	8	9	0.03739033377177613
transitionprobs	8	10	0.061424120244329826
transitionprobs	8	11	0.012595527650751078
transitionprobs	8	12	0.02772266144931852
transitionprobs	8	13	0.003128134287880048
transitionprobs	8	14	0.0
transitionprobs	8	15	4.6982576734070546E-4
transitionprobs	9	1	0.04087281917339936
transitionprobs	9	2	2.918367174399926E-6
transitionprobs	9	3	0.016835536069075
transitionprobs	9	4	3.6331070903233175E-4
transitionprobs	9	5	2.874667008003087E-8
transitionprobs	9	6	0.0
transitionprobs	9	7	0.0015159249834356301
transitionprobs	9	8	0.010565531895895396
transitionprobs	9	9	0.6125693761528122
transitionprobs	9	10	0.07205824719447873
transitionprobs	9	11	0.15254027247792024
transitionprobs	9	12	0.08864238184997202
transitionprobs	9	13	0.003901073583735465
transitionprobs	9	14	1.325787963994057E-4
transitionprobs	9	15	0.0
transitionprobs	10	1	0.02281363510146955
transitionprobs	10	2	0.008239403201811461
transitionprobs	10	3	0.0
transitionprobs	10	4	0.0
transitionprobs	10	5	0.008597774483815513
transitionprobs	10	6	0.004162837238139832
transitionprobs	10	7	2.1698711241257494E-4
transitionprobs	10	8	0.007022892417368019
transitionprobs	10	9	0.03317273208533019
transitionprobs	10	10	0.6792530433768885
transitionprobs	10	11	0.02681550476916173
transitionprobs	10	12	0.0972794710338361
transitionprobs	10	13	0.10931943873197168
transitionprobs	10	14	0.0
transitionprobs	10	15	0.0031062804477950097
transitionprobs	11	1	0.03114656333185974
transitionprobs	11	2	0.0
transitionprobs	11	3	0.0011746875832770877
transitionprobs	11	4	0.003655640625314864
transitionprobs	11	5	0.054225424107202214
transitionprobs	11	6	0.002822891322039589
transitionprobs	11	7	0.01334216837197514
transitionprobs	11	8	0.0033939979821254822
transitionprobs	11	9	0.17406145870641831
transitionprobs	11	10	0.06609338088767369
transitionprobs	11	11	0.6360049104900666
transitionprobs	11	12	0.013798220142986716
transitionprobs	11	13	0.0
transitionprobs	11	14	2.8065644906052477E-4
transitionprobs	11	15	0.0
transitionprobs	12	1	0.12394817852810575
transitionprobs	12	2	0.0016356599848059207
transitionprobs	12	3	0.005657263620415535
transitionprobs	12	4	5.9260296594934083E-5
transitionprobs	12	5	0.040218091999210885
transitionprobs	12	6	2.0571974348299683E-4
transitionprobs	12	7	9.01865816414771E-6
transitionprobs	12	8	4.557491881703264E-4
transitionprobs	12	9	0.005648448720164333
transitionprobs	12	10	0.012472015534440719
transitionprobs	12	11	7.271111197679895E-4
transitionprobs	12	12	0.8088777277349333
transitionprobs	12	13	8.558028203702328E-5
transitionprobs	12	14	0.0
transitionprobs	12	15	1.745897058213813E-7
transitionprobs	13	1	0.0
transitionprobs	13	2	0.044657810771003954
transitionprobs	13	3	1.0560559710377525E-5
transitionprobs	13	4	0.0
transitionprobs	13	5	0.0024236976378656824
transitionprobs	13	6	2.283048742631486E-5
transitionprobs	13	7	0.0
transitionprobs	13	8	1.945056050929752E-5
transitionprobs	13	9	3.879180992647737E-5
transitionprobs	13	10	0.003974434861489254
transitionprobs	13	11	0.0
transitionprobs	13	12	3.565249971546964E-5
transitionprobs	13	13	0.9466810527963557
transitionprobs	13	14	0.0
transitionprobs	13	15	0.0021357180159973033
transitionprobs	14	1	0.017672264223024023
transitionprobs	14	2	0.0
transitionprobs	14	3	0.0
transitionprobs	14	4	0.0
transitionprobs	14	5	0.03513392399865486
transitionprobs	14	6	0.00583909357327683
transitionprobs	14	7	0.0
transitionprobs	14	8	0.0
transitionprobs	14	9	0.0
transitionprobs	14	10	1.4369707817609893E-4
transitionprobs	14	11	2.9263096550008493E-4
transitionprobs	14	12	3.81130213777029E-4
transitionprobs	14	13	0.0
transitionprobs	14	14	0.9076345946843369
transitionprobs	14	15	0.03290266526325417
transitionprobs	15	1	0.012423852573375962
transitionprobs	15	2	0.03992541344977365
transitionprobs	15	3	0.0
transitionprobs	15	4	0.0
transitionprobs	15	5	0.014640572495721245
transitionprobs	15	6	4.99267224847529E-4
transitionprobs	15	7	0.0
transitionprobs	15	8	2.971996602569982E-5
transitionprobs	15	9	0.0
transitionprobs	15	10	0.0013570088521569594
transitionprobs	15	11	0.0
transitionprobs	15	12	1.9116413148830723E-6
transitionprobs	15	13	0.023710192152381033
transitionprobs	15	14	0.005780823790717925
transitionprobs	15	15	0.9016312378536852
emissionprobs	1	0	DNase	0	0.8617402189399426
emissionprobs	1	0	DNase	1	0.13825978106005749
emissionprobs	1	1	H3K27ac	0	0.9943657418658385
emissionprobs	1	1	H3K27ac	1	0.005634258134161538
emissionprobs	1	2	H3K27me3	0	0.9934533991807413
emissionprobs	1	2	H3K27me3	1	0.006546600819258739
emissionprobs	1	3	H3K4me1	0	0.9959715920040505
emissionprobs	1	3	H3K4me1	1	0.004028407995949534
emissionprobs	1	4	H3K4me3	0	0.9991578494121617
emissionprobs	1	4	H3K4me3	1	8.421505878382755E-4
emissionprobs	1	5	H3K9me3	0	0.06139522904020877
emissionprobs	1	5	H3K9me3	1	0.9386047709597912
emissionprobs	1	6	K3K36me3	0	0.992709147997405
emissionprobs	1	6	K3K36me3	1	0.007290852002595072
emissionprobs	2	0	DNase	0	0.9888665197135038
emissionprobs	2	0	DNase	1	0.011133480286496225
emissionprobs	2	1	H3K27ac	0	0.999470228875605
emissionprobs	2	1	H3K27ac	1	5.297711243949829E-4
emissionprobs	2	2	H3K27me3	0	0.9948932846326276
emissionprobs	2	2	H3K27me3	1	0.005106715367372317
emissionprobs	2	3	H3K4me1	0	0.9985305966770474
emissionprobs	2	3	H3K4me1	1	0.0014694033229527299
emissionprobs	2	4	H3K4me3	0	0.9992111651774507
emissionprobs	2	4	H3K4me3	1	7.888348225494036E-4
emissionprobs	2	5	H3K9me3	0	0.18554955142095073
emissionprobs	2	5	H3K9me3	1	0.8144504485790492
emissionprobs	2	6	K3K36me3	0	0.9980214209844954
emissionprobs	2	6	K3K36me3	1	0.0019785790155045792
emissionprobs	3	0	DNase	0	0.946636912608199
emissionprobs	3	0	DNase	1	0.05336308739180082
emissionprobs	3	1	H3K27ac	0	0.9320851402911056
emissionprobs	3	1	H3K27ac	1	0.06791485970889448
emissionprobs	3	2	H3K27me3	0	0.9960945589308031
emissionprobs	3	2	H3K27me3	1	0.003905441069196795
emissionprobs	3	3	H3K4me1	0	0.9751406701657506
emissionprobs	3	3	H3K4me1	1	0.024859329834249325
emissionprobs	3	4	H3K4me3	0	0.9986098871841979
emissionprobs	3	4	H3K4me3	1	0.0013901128158022346
emissionprobs	3	5	H3K9me3	0	0.8553313180964154
emissionprobs	3	5	H3K9me3	1	0.14466868190358473
emissionprobs	3	6	K3K36me3	0	0.39940482058097615
emissionprobs	3	6	K3K36me3	1	0.600595179419024
emissionprobs	4	0	DNase	0	0.19214850503727537
emissionprobs	4	0	DNase	1	0.8078514949627246
emissionprobs	4	1	H3K27ac	0	0.980303415723615
emissionprobs	4	1	H3K27ac	1	0.01969658427638502
emissionprobs	4	2	H3K27me3	0	0.9971408681946676
emissionprobs	4	2	H3K27me3	1	0.0028591318053324544
emissionprobs	4	3	H3K4me1	0	0.9860000978816612
emissionprobs	4	3	H3K4me1	1	0.013999902118338826
emissionprobs	4	4	H3K4me3	0	0.9950942084191139
emissionprobs	4	4	H3K4me3	1	0.004905791580886238
emissionprobs	4	5	H3K9me3	0	0.8935774492418815
emissionprobs	4	5	H3K9me3	1	0.10642255075811853
emissionprobs	4	6	K3K36me3	0	0.3406535898338565
emissionprobs	4	6	K3K36me3	1	0.6593464101661435
emissionprobs	5	0	DNase	0	0.19918884904823944
emissionprobs	5	0	DNase	1	0.8008111509517606
emissionprobs	5	1	H3K27ac	0	0.9961935825632545
emissionprobs	5	1	H3K27ac	1	0.003806417436745428
emissionprobs	5	2	H3K27me3	0	0.9865375394815536
emissionprobs	5	2	H3K27me3	1	0.01346246051844634
emissionprobs	5	3	H3K4me1	0	0.990328107923639
emissionprobs	5	3	H3K4me1	1	0.009671892076360869
emissionprobs	5	4	H3K4me3	0	0.9986101476559908
emissionprobs	5	4	H3K4me3	1	0.0013898523440092339
emissionprobs	5	5	H3K9me3	0	0.9216056103111886
emissionprobs	5	5	H3K9me3	1	0.0783943896888113
emissionprobs	5	6	K3K36me3	0	0.9893862606203222
emissionprobs	5	6	K3K36me3	1	0.010613739379677866
emissionprobs	6	0	DNase	0	0.03483257358927416
emissionprobs	6	0	DNase	1	0.9651674264107258
emissionprobs	6	1	H3K27ac	0	0.9628453014187041
emissionprobs	6	1	H3K27ac	1	0.03715469858129593
emissionprobs	6	2	H3K27me3	0	0.9135275724246932
emissionprobs	6	2	H3K27me3	1	0.08647242757530689
emissionprobs	6	3	H3K4me1	0	0.7060588374628959
emissionprobs	6	3	H3K4me1	1	0.2939411625371042
emissionprobs	6	4	H3K4me3	0	0.20490107908315808
emissionprobs	6	4	H3K4me3	1	0.795098920916842
emissionprobs	6	5	H3K9me3	0	0.9205665592996065
emissionprobs	6	5	H3K9me3	1	0.0794334407003934
emissionprobs	6	6	K3K36me3	0	0.96807158715943
emissionprobs	6	6	K3K36me3	1	0.03192841284057003
emissionprobs	7	0	DNase	0	2.2000770670677376E-4
emissionprobs	7	0	DNase	1	0.9997799922932933
emissionprobs	7	1	H3K27ac	0	0.2625122480260708
emissionprobs	7	1	H3K27ac	1	0.7374877519739292
emissionprobs	7	2	H3K27me3	0	0.9986957038872029
emissionprobs	7	2	H3K27me3	1	0.0013042961127971693
emissionprobs	7	3	H3K4me1	0	0.8329170827943344
emissionprobs	7	3	H3K4me1	1	0.16708291720566557
emissionprobs	7	4	H3K4me3	0	0.016542205279816494
emissionprobs	7	4	H3K4me3	1	0.9834577947201836
emissionprobs	7	5	H3K9me3	0	0.9449267546874747
emissionprobs	7	5	H3K9me3	1	0.05507324531252537
emissionprobs	7	6	K3K36me3	0	0.9050329142941727
emissionprobs	7	6	K3K36me3	1	0.0949670857058273
emissionprobs	8	0	DNase	0	0.8749543972881701
emissionprobs	8	0	DNase	1	0.12504560271182982
emissionprobs	8	1	H3K27ac	0	0.528498440499784
emissionprobs	8	1	H3K27ac	1	0.4715015595002159
emissionprobs	8	2	H3K27me3	0	0.9821763911192781
emissionprobs	8	2	H3K27me3	1	0.017823608880721875
emissionprobs	8	3	H3K4me1	0	0.42602309723256776
emissionprobs	8	3	H3K4me1	1	0.5739769027674322
emissionprobs	8	4	H3K4me3	0	0.04881268373693019
emissionprobs	8	4	H3K4me3	1	0.9511873162630698
emissionprobs	8	5	H3K9me3	0	0.9481305472569257
emissionprobs	8	5	H3K9me3	1	0.05186945274307427
emissionprobs	8	6	K3K36me3	0	0.8457929588343288
emissionprobs	8	6	K3K36me3	1	0.1542070411656711
emissionprobs	9	0	DNase	0	0.999693388999488
emissionprobs	9	0	DNase	1	3.066110005120519E-4
emissionprobs	9	1	H3K27ac	0	0.3669784579545547
emissionprobs	9	1	H3K27ac	1	0.6330215420454454
emissionprobs	9	2	H3K27me3	0	0.9926440238082012
emissionprobs	9	2	H3K27me3	1	0.0073559761917989415
emissionprobs	9	3	H3K4me1	0	0.18535009420648316
emissionprobs	9	3	H3K4me1	1	0.8146499057935169
emissionprobs	9	4	H3K4me3	0	0.9969122365098678
emissionprobs	9	4	H3K4me3	1	0.0030877634901322866
emissionprobs	9	5	H3K9me3	0	0.9740058523063269
emissionprobs	9	5	H3K9me3	1	0.025994147693673166
emissionprobs	9	6	K3K36me3	0	0.9092032068699422
emissionprobs	9	6	K3K36me3	1	0.09079679313005784
emissionprobs	10	0	DNase	0	0.9171902311510234
emissionprobs	10	0	DNase	1	0.08280976884897664
emissionprobs	10	1	H3K27ac	0	0.9139983032771503
emissionprobs	10	1	H3K27ac	1	0.08600169672284973
emissionprobs	10	2	H3K27me3	0	0.9892734638624745
emissionprobs	10	2	H3K27me3	1	0.01072653613752547
emissionprobs	10	3	H3K4me1	0	0.3779250393650833
emissionprobs	10	3	H3K4me1	1	0.6220749606349167
emissionprobs	10	4	H3K4me3	0	0.9991307862229463
emissionprobs	10	4	H3K4me3	1	8.692137770538018E-4
emissionprobs	10	5	H3K9me3	0	0.993924142611888
emissionprobs	10	5	H3K9me3	1	0.006075857388111896
emissionprobs	10	6	K3K36me3	0	0.9858726561133572
emissionprobs	10	6	K3K36me3	1	0.014127343886642961
emissionprobs	11	0	DNase	0	0.06914922577490766
emissionprobs	11	0	DNase	1	0.9308507742250923
emissionprobs	11	1	H3K27ac	0	0.5574509600628677
emissionprobs	11	1	H3K27ac	1	0.4425490399371323
emissionprobs	11	2	H3K27me3	0	0.9973850237880376
emissionprobs	11	2	H3K27me3	1	0.0026149762119624153
emissionprobs	11	3	H3K4me1	0	0.27530329515415547
emissionprobs	11	3	H3K4me1	1	0.7246967048458446
emissionprobs	11	4	H3K4me3	0	0.9792120666996118
emissionprobs	11	4	H3K4me3	1	0.020787933300388174
emissionprobs	11	5	H3K9me3	0	0.9055244661323639
emissionprobs	11	5	H3K9me3	1	0.0944755338676361
emissionprobs	11	6	K3K36me3	0	0.9716995808676526
emissionprobs	11	6	K3K36me3	1	0.028300419132347363
emissionprobs	12	0	DNase	0	0.9628466615241582
emissionprobs	12	0	DNase	1	0.03715333847584174
emissionprobs	12	1	H3K27ac	0	0.9679541838147907
emissionprobs	12	1	H3K27ac	1	0.0320458161852092
emissionprobs	12	2	H3K27me3	0	0.9887902006379089
emissionprobs	12	2	H3K27me3	1	0.01120979936209115
emissionprobs	12	3	H3K4me1	0	0.9860237560464533
emissionprobs	12	3	H3K4me1	1	0.013976243953546756
emissionprobs	12	4	H3K4me3	0	0.9989339158684347
emissionprobs	12	4	H3K4me3	1	0.0010660841315652423
emissionprobs	12	5	H3K9me3	0	0.9999999999984608
emissionprobs	12	5	H3K9me3	1	1.539150946723862E-12
emissionprobs	12	6	K3K36me3	0	0.9705324249994521
emissionprobs	12	6	K3K36me3	1	0.029467575000547936
emissionprobs	13	0	DNase	0	0.9936190674991757
emissionprobs	13	0	DNase	1	0.006380932500824295
emissionprobs	13	1	H3K27ac	0	0.9933256974177419
emissionprobs	13	1	H3K27ac	1	0.00667430258225806
emissionprobs	13	2	H3K27me3	0	0.9913797897063585
emissionprobs	13	2	H3K27me3	1	0.008620210293641455
emissionprobs	13	3	H3K4me1	0	0.9956179781351837
emissionprobs	13	3	H3K4me1	1	0.004382021864816212
emissionprobs	13	4	H3K4me3	0	0.9996708997655888
emissionprobs	13	4	H3K4me3	1	3.2910023441127655E-4
emissionprobs	13	5	H3K9me3	0	0.9999999999999788
emissionprobs	13	5	H3K9me3	1	2.1216285197968983E-14
emissionprobs	13	6	K3K36me3	0	0.9972219136074546
emissionprobs	13	6	K3K36me3	1	0.002778086392545377
emissionprobs	14	0	DNase	0	0.4598041910186321
emissionprobs	14	0	DNase	1	0.5401958089813679
emissionprobs	14	1	H3K27ac	0	0.9890486025509811
emissionprobs	14	1	H3K27ac	1	0.010951397449018888
emissionprobs	14	2	H3K27me3	0	0.38379330763188885
emissionprobs	14	2	H3K27me3	1	0.6162066923681112
emissionprobs	14	3	H3K4me1	0	0.9826753503920894
emissionprobs	14	3	H3K4me1	1	0.017324649607910594
emissionprobs	14	4	H3K4me3	0	0.9903062955654601
emissionprobs	14	4	H3K4me3	1	0.009693704434539737
emissionprobs	14	5	H3K9me3	0	0.844795637065163
emissionprobs	14	5	H3K9me3	1	0.15520436293483686
emissionprobs	14	6	K3K36me3	0	0.9940849376376256
emissionprobs	14	6	K3K36me3	1	0.005915062362374367
emissionprobs	15	0	DNase	0	0.9753882283746501
emissionprobs	15	0	DNase	1	0.02461177162534985
emissionprobs	15	1	H3K27ac	0	0.9934155660504345
emissionprobs	15	1	H3K27ac	1	0.006584433949565574
emissionprobs	15	2	H3K27me3	0	0.7620998692639256
emissionprobs	15	2	H3K27me3	1	0.23790013073607438
emissionprobs	15	3	H3K4me1	0	0.988589807491765
emissionprobs	15	3	H3K4me1	1	0.01141019250823512
emissionprobs	15	4	H3K4me3	0	0.9985612091240487
emissionprobs	15	4	H3K4me3	1	0.001438790875951298
emissionprobs	15	5	H3K9me3	0	0.976602887139669
emissionprobs	15	5	H3K9me3	1	0.023397112860330884
emissionprobs	15	6	K3K36me3	0	0.9947317841141803
emissionprobs	15	6	K3K36me3	1	0.005268215885819613
